start=1162.753352
sub-delay=0.100000
