start=110.846750
volume=70.000000
